1 0 0 0 1 0 1 0 0 0 0 0 0 0 0 1 1 1 0 0 0 0 0 0 0 0 0 0 0 0 0 1 0 1 0 0 0 1 0 1 0 0 1 0 0 0 0 0 0 0 1 0 0 0 1 0 1 0 1 0 1 0 0 0 1 0 1 0 0 0 0 0 0 0 0 0 0 0 0 0 1 0 0 0 0 0 0 0 0 0 1 0 0 0 1 0 1 0 0 0 0 0 0 0 0 0 0 0 0 0 1 0 0 0 1 0 1 0 1 0 1 0 0 0 1 0 1 0 1 0 0 1 0 1 0 0 1 0 1 0 0 0 0 0 0 0 0 0 0 0 0 1 0 0 1 0 1 0 1 0 0 1 0 1 0 0 0 1 0 1 0 0 1 0 1 0 1 0 1 0 0 0 0 0 0 1 1 1 0 0 0 0 0 1 0 1 0 0 1 0 1 0 0 0 1 0 1 0 0 0 0 0 0 0 0 1 1 1 0 0 0 0 0 0 0 0 0 0 0 0 0 1 0 1 0 0 0 1 0 1 0 0 1 0 0 0 0 0 0 0 1 0 0 0 1 0 1 0 1 0 1 0 0 0 1 0 1 0 0 0 0 0 0 0 0 0 0 0 0 0 1 0 0 0 0 0 0 0 0 0 1 0 0 0 1 0 1 0 0 0 0 0 0 0 0 0 0 0 0 0 1 0 0 0 1 0 1 0 1 0 1 0 0 0 1 0 1 0 1 0 0 1 0 1 0 0 1 0 1 0 0 0 0 0 0 1 0 0 0 0 0 1 0 0 1 0 1 0 0 0 0 1 0 1 0 0 0 1 0 1 0 0 1 0 1 0 1 1 0 0 0 0 0 0 0 1 1 1 0 0 0 0 0 1 0 1 0 0 1 0 
-1 -1 -1 -1 -1 -1 -1 -1 -1 -1 -1 -1 -1 -1 -1 -1 -1 -1 -1 -1 -1 -1 -1 0 0 0 0 0 0 0 0 0 0 0 0 0 0 0 0 0 0 0 0 -1 -1 0 0 0 0 0 0 0 0 0 0 0 0 0 0 0 0 0 0 0 0 -1 -1 0 0 0 0 0 0 0 0 0 0 0 0 0 0 0 0 0 0 0 0 -1 -1 0 0 0 0 0 0 0 0 0 0 0 0 0 0 0 0 0 0 0 0 -1 -1 0 0 0 0 0 0 0 0 0 0 0 0 0 0 0 0 0 0 0 0 -1 -1 0 0 0 0 0 0 0 0 0 0 0 0 0 0 0 0 0 0 0 0 -1 -1 0 0 0 0 0 0 0 0 0 0 0 0 0 0 0 0 0 0 0 0 -1 -1 0 0 0 0 0 0 0 0 0 0 0 0 0 0 0 0 0 0 0 0 -1 -1 0 0 0 0 0 0 0 0 0 0 0 0 0 0 0 0 0 0 0 0 -1 -1 0 0 0 0 0 0 0 0 0 0 0 0 0 0 0 0 0 0 0 0 -1 -1 0 0 0 0 0 0 0 0 0 0 0 0 0 0 0 0 0 0 0 0 -1 -1 0 0 0 0 0 0 0 0 0 0 0 0 0 0 0 0 0 0 0 0 -1 -1 0 0 0 0 0 0 0 0 0 0 0 0 0 0 0 0 0 0 0 0 -1 -1 0 0 0 0 0 0 0 0 0 0 0 0 0 0 0 0 0 0 0 0 -1 -1 0 0 0 0 0 0 0 0 0 0 0 0 0 0 0 0 0 0 0 0 -1 -1 0 0 0 0 0 0 0 0 0 0 0 0 0 0 0 0 0 0 0 0 -1 -1 0 0 0 0 0 0 0 0 0 0 0 0 0 0 0 0 0 0 0 0 -1 -1 0 0 0 0 0 0 0 0 0 0 0 0 0 0 0 0 0 0 0 0 -1 -1 0 0 0 0 0 0 0 0 0 0 0 0 0 0 0 0 0 0 0 0 -1 -1 0 0 0 0 0 0 0 0 0 0 0 0 0 0 0 0 0 0 0 0 -1 -1 -1 -1 -1 -1 -1 -1 -1 -1 -1 -1 -1 -1 -1 -1 -1 -1 -1 -1 -1 -1 -1 
20 20
20 19
20 19
20 20
20 20
19 19
19 18
19 18
19 19
20 20
20 20
19 20
18 19
17 19
17 19
18 19
19 20
20 20
20 20
20 19
19 18
19 17
19 17
19 18
20 19
20 20
20 20
19 20
18 20
17 19
16 19
16 19
17 19
18 20
19 20
20 20
20 20
19 19
18 18
18 17
18 17
18 18
19 19
20 20
20 20
20 19
20 18
19 17
20 16
20 16
19 17
20 18
20 19
20 20
20 20
19 19
18 20
17 20
16 19
15 18
16 17
16 17
15 18
16 19
17 20
18 20
19 19
20 20
20 20
19 20
18 19
17 18
17 17
17 17
17 18
18 19
19 20
20 20
20 20
20 19
19 18
18 17
18 16
19 15
19 15
18 16
18 17
19 18
20 19
20 20
20 20
19 20
18 19
18 18
17 17
17 16
18 15
18 15
17 16
17 17
18 18
18 19
19 20
20 20
20 20
19 19
20 18
20 17
19 16
20 15
20 14
20 14
20 15
19 16
20 17
20 18
19 19
20 20
20 20
20 19
19 18
19 17
20 16
19 15
19 14
19 13
19 13
19 14
19 15
20 16
19 17
19 18
20 19
20 20
20 20
19 19
18 20
17 19
16 18
15 17
15 17
16 18
17 19
18 20
19 19
20 20
20 20
19 20
18 19
17 18
16 17
15 17
16 16
16 15
16 15
16 16
15 17
16 17
17 18
18 19
19 20
20 20
20 20
20 19
20 18
20 17
19 16
18 15
17 14
17 14
18 15
19 16
20 17
20 18
20 19
20 20
20 20
19 20
18 20
17 20
16 20
15 19
14 20
13 19
13 19
14 20
15 19
16 20
17 20
18 20
19 20
20 20
20 20
19 19
18 18
17 17
18 16
17 15
17 14
